0 30 3 0 25 15 1000 0 30 10 0 1
0 30 3 0 25 10 1000 0 30 10 0 1
0 30 3 0 25 5 1000 0 30 10 0 1
0 30 3 0 20 15 1000 0 30 10 0 1
0 30 3 0 20 10 1000 0 30 10 0 1
0 30 3 0 20 5 1000 0 30 10 0 1
0 30 3 0 15 15 1000 0 30 10 0 1
0 30 3 0 15 10 1000 0 30 10 0 1
0 30 3 0 15 5 1000 0 30 10 0 1
0 30 3 0 10 15 1000 0 30 10 0 1
0 30 3 0 10 10 1000 0 30 10 0 1
0 30 3 0 10 5 1000 0 30 10 0 1
0 30 3 0 5 15 1000 0 30 10 0 1
0 30 3 0 5 10 1000 0 30 10 0 1
0 30 3 0 5 5 1000 0 30 10 0 1
15 30 3 0 25 15 1000 0 30 10 0 1
15 30 3 0 25 10 1000 0 30 10 0 1
15 30 3 0 25 5 1000 0 30 10 0 1
15 30 3 0 20 15 1000 0 30 10 0 1
15 30 3 0 20 10 1000 0 30 10 0 1
15 30 3 0 20 5 1000 0 30 10 0 1
15 30 3 0 15 15 1000 0 30 10 0 1
15 30 3 0 15 10 1000 0 30 10 0 1
15 30 3 0 15 5 1000 0 30 10 0 1
15 30 3 0 10 15 1000 0 30 10 0 1
15 30 3 0 10 10 1000 0 30 10 0 1
15 30 3 0 10 5 1000 0 30 10 0 1
15 30 3 0 5 15 1000 0 30 10 0 1
15 30 3 0 5 10 1000 0 30 10 0 1
15 30 3 0 5 5 1000 0 30 10 0 1
0 30 3 1 25 15 1000 0 30 10 0 1
0 30 3 1 25 10 1000 0 30 10 0 1
0 30 3 1 25 5 1000 0 30 10 0 1
0 30 3 1 20 15 1000 0 30 10 0 1
0 30 3 1 20 10 1000 0 30 10 0 1
0 30 3 1 20 5 1000 0 30 10 0 1
0 30 3 1 15 15 1000 0 30 10 0 1
0 30 3 1 15 10 1000 0 30 10 0 1
0 30 3 1 15 5 1000 0 30 10 0 1
0 30 3 1 10 15 1000 0 30 10 0 1
0 30 3 1 10 10 1000 0 30 10 0 1
0 30 3 1 10 5 1000 0 30 10 0 1
0 30 3 1 5 15 1000 0 30 10 0 1
0 30 3 1 5 10 1000 0 30 10 0 1
0 30 3 1 5 5 1000 0 30 10 0 1
15 30 3 1 25 15 1000 0 30 10 0 1
15 30 3 1 25 10 1000 0 30 10 0 1
15 30 3 1 25 5 1000 0 30 10 0 1
15 30 3 1 20 15 1000 0 30 10 0 1
15 30 3 1 20 10 1000 0 30 10 0 1
15 30 3 1 20 5 1000 0 30 10 0 1
15 30 3 1 15 15 1000 0 30 10 0 1
15 30 3 1 15 10 1000 0 30 10 0 1
15 30 3 1 15 5 1000 0 30 10 0 1
15 30 3 1 10 15 1000 0 30 10 0 1
15 30 3 1 10 10 1000 0 30 10 0 1
15 30 3 1 10 5 1000 0 30 10 0 1
15 30 3 1 5 15 1000 0 30 10 0 1
15 30 3 1 5 10 1000 0 30 10 0 1
15 30 3 1 5 5 1000 0 30 10 0 1
0 30 3 2 25 15 1000 0 30 10 0 1
0 30 3 2 25 10 1000 0 30 10 0 1
0 30 3 2 25 5 1000 0 30 10 0 1
0 30 3 2 20 15 1000 0 30 10 0 1
0 30 3 2 20 10 1000 0 30 10 0 1
0 30 3 2 20 5 1000 0 30 10 0 1
0 30 3 2 15 15 1000 0 30 10 0 1
0 30 3 2 15 10 1000 0 30 10 0 1
0 30 3 2 15 5 1000 0 30 10 0 1
0 30 3 2 10 15 1000 0 30 10 0 1
0 30 3 2 10 10 1000 0 30 10 0 1
0 30 3 2 10 5 1000 0 30 10 0 1
0 30 3 2 5 15 1000 0 30 10 0 1
0 30 3 2 5 10 1000 0 30 10 0 1
0 30 3 2 5 5 1000 0 30 10 0 1
15 30 3 2 25 15 1000 0 30 10 0 1
15 30 3 2 25 10 1000 0 30 10 0 1
15 30 3 2 25 5 1000 0 30 10 0 1
15 30 3 2 20 15 1000 0 30 10 0 1
15 30 3 2 20 10 1000 0 30 10 0 1
15 30 3 2 20 5 1000 0 30 10 0 1
15 30 3 2 15 15 1000 0 30 10 0 1
15 30 3 2 15 10 1000 0 30 10 0 1
15 30 3 2 15 5 1000 0 30 10 0 1
15 30 3 2 10 15 1000 0 30 10 0 1
15 30 3 2 10 10 1000 0 30 10 0 1
15 30 3 2 10 5 1000 0 30 10 0 1
15 30 3 2 5 15 1000 0 30 10 0 1
15 30 3 2 5 10 1000 0 30 10 0 1
15 30 3 2 5 5 1000 0 30 10 0 1
